ANGLES: [-1.5707, -0.9425, -0.31416, 0.31416, 0.9425, 1.5707]
ANGLES: [-90, -54, -18, 18, 54, 90]
DELTA: 5
N_PARTICLES: 10
LM_THRESH: 20
RANGE: 100
N_LANDMARKS: 0
